image: map.pgm
resolution: 0.030000
origin: [-6.150000, 4.830000, -1.570796]
negate: 0
occupied_thresh: 0.65
free_thresh: 0.196

